100
-117 386
277 415
293 -165
-114 -8
149 -79
-138 -473
190 -441
263 426
40 -74
-328 236
-289 -132
67 -71
282 30
362 -377
-433 -365
429 302
-478 -442
-431 -333
-107 -44
-489 -458
-271 -127
-79 419
284 37
-302 -176
-185 -130
-87 26
-409 480
456 373
362 -330
496 -219
-195 425
-416 -173
-164 5
346 229
-187 357
-376 395
82 45
314 -133
-66 -136
-457 250
-413 308
-224 -322
288 84
-97 151
254 -101
432 -440
176 -132
239 -488
-274 86
-406 39
295 70
-66 -122
-33 101
-403 402
-183 -8
152 256
-199 -220
-214 -59
365 189
-56 119
-60 229
-469 -383
-403 271
-19 175
209 427
67 356
-3 -147
86 465
-194 183
-281 124
28 371
232 329
3 -481
-230 -132
208 215
-160 -351
296 223
118 -255
346 -49
421 55
-121 -12
264 -272
341 -150
-307 0
-466 264
-376 414
487 356
243 -9
-273 -135
359 436
-68 51
-63 -272
-225 -93
-26 -379
358 -105
-471 -263
-265 293
318 -72
-357 -489
428 29
-364572 1202776
863132 1293140
912988 -514140
-355224 -24928
464284 -246164
-430008 -1473868
592040 -1374156
819508 1327416
124640 -230584
-1022048 735376
-900524 -411312
208772 -221236
878712 93480
1127992 -1174732
-1349228 -1137340
1336764 941032
-1489448 -1377272
-1342996 -1037628
-333412 -137104
-1523724 -1427128
-844436 -395732
-246164 1305604
884944 115292
-941032 -548416
-576460 -405080
-271092 81016
-1274444 1495680
1420896 1162268
1127992 -1028280
1545536 -682404
-607620 1324300
-1296256 -539068
-511024 15580
1078136 713564
-582692 1112412
-1171616 1230820
255512 140220
978424 -414428
-205656 -423776
-1424012 779000
-1286908 959728
-697984 -1003352
897408 261744
-302252 470516
791464 -314716
1346112 -1371040
548416 -411312
744724 -1520608
-853784 267976
-1265096 121524
919220 218120
-205656 -380152
-102828 314716
-1255748 1252632
-570228 -24928
473632 797696
-620084 -685520
-666824 -183844
1137340 588924
-174496 370804
-186960 713564
-1461404 -1193428
-1255748 844436
-59204 545300
651244 1330532
208772 1109296
-9348 -458052
267976 1448940
-604504 570228
-875596 386384
87248 1156036
722912 1025164
9348 -1498796
-716680 -411312
648128 669940
-498560 -1093716
922336 694868
367688 -794580
1078136 -152684
1311836 171380
-377036 -37392
822624 -847552
1062556 -467400
-956612 0
-1452056 822624
-1171616 1290024
1517492 1109296
757188 -28044
-850668 -420660
1118644 1358576
-211888 158916
-196308 -847552
-701100 -289788
-81016 -1180964
1115528 -327180
-1467636 -819508
-825740 912988
990888 -224352
-1112412 -1523724
1333648 90364
