1000
0 1000
1 999
2 998
3 997
4 996
5 995
6 994
7 993
8 992
9 991
10 990
11 989
12 988
13 987
14 986
15 985
16 984
17 983
18 982
19 981
20 980
21 979
22 978
23 977
24 976
25 975
26 974
27 973
28 972
29 971
30 970
31 969
32 968
33 967
34 966
35 965
36 964
37 963
38 962
39 961
40 960
41 959
42 958
43 957
44 956
45 955
46 954
47 953
48 952
49 951
50 950
51 949
52 948
53 947
54 946
55 945
56 944
57 943
58 942
59 941
60 940
61 939
62 938
63 937
64 936
65 935
66 934
67 933
68 932
69 931
70 930
71 929
72 928
73 927
74 926
75 925
76 924
77 923
78 922
79 921
80 920
81 919
82 918
83 917
84 916
85 915
86 914
87 913
88 912
89 911
90 910
91 909
92 908
93 907
94 906
95 905
96 904
97 903
98 902
99 901
100 900
101 899
102 898
103 897
104 896
105 895
106 894
107 893
108 892
109 891
110 890
111 889
112 888
113 887
114 886
115 885
116 884
117 883
118 882
119 881
120 880
121 879
122 878
123 877
124 876
125 875
126 874
127 873
128 872
129 871
130 870
131 869
132 868
133 867
134 866
135 865
136 864
137 863
138 862
139 861
140 860
141 859
142 858
143 857
144 856
145 855
146 854
147 853
148 852
149 851
150 850
151 849
152 848
153 847
154 846
155 845
156 844
157 843
158 842
159 841
160 840
161 839
162 838
163 837
164 836
165 835
166 834
167 833
168 832
169 831
170 830
171 829
172 828
173 827
174 826
175 825
176 824
177 823
178 822
179 821
180 820
181 819
182 818
183 817
184 816
185 815
186 814
187 813
188 812
189 811
190 810
191 809
192 808
193 807
194 806
195 805
196 804
197 803
198 802
199 801
200 800
201 799
202 798
203 797
204 796
205 795
206 794
207 793
208 792
209 791
210 790
211 789
212 788
213 787
214 786
215 785
216 784
217 783
218 782
219 781
220 780
221 779
222 778
223 777
224 776
225 775
226 774
227 773
228 772
229 771
230 770
231 769
232 768
233 767
234 766
235 765
236 764
237 763
238 762
239 761
240 760
241 759
242 758
243 757
244 756
245 755
246 754
247 753
248 752
249 751
250 750
251 749
252 748
253 747
254 746
255 745
256 744
257 743
258 742
259 741
260 740
261 739
262 738
263 737
264 736
265 735
266 734
267 733
268 732
269 731
270 730
271 729
272 728
273 727
274 726
275 725
276 724
277 723
278 722
279 721
280 720
281 719
282 718
283 717
284 716
285 715
286 714
287 713
288 712
289 711
290 710
291 709
292 708
293 707
294 706
295 705
296 704
297 703
298 702
299 701
300 700
301 699
302 698
303 697
304 696
305 695
306 694
307 693
308 692
309 691
310 690
311 689
312 688
313 687
314 686
315 685
316 684
317 683
318 682
319 681
320 680
321 679
322 678
323 677
324 676
325 675
326 674
327 673
328 672
329 671
330 670
331 669
332 668
333 667
334 666
335 665
336 664
337 663
338 662
339 661
340 660
341 659
342 658
343 657
344 656
345 655
346 654
347 653
348 652
349 651
350 650
351 649
352 648
353 647
354 646
355 645
356 644
357 643
358 642
359 641
360 640
361 639
362 638
363 637
364 636
365 635
366 634
367 633
368 632
369 631
370 630
371 629
372 628
373 627
374 626
375 625
376 624
377 623
378 622
379 621
380 620
381 619
382 618
383 617
384 616
385 615
386 614
387 613
388 612
389 611
390 610
391 609
392 608
393 607
394 606
395 605
396 604
397 603
398 602
399 601
400 600
401 599
402 598
403 597
404 596
405 595
406 594
407 593
408 592
409 591
410 590
411 589
412 588
413 587
414 586
415 585
416 584
417 583
418 582
419 581
420 580
421 579
422 578
423 577
424 576
425 575
426 574
427 573
428 572
429 571
430 570
431 569
432 568
433 567
434 566
435 565
436 564
437 563
438 562
439 561
440 560
441 559
442 558
443 557
444 556
445 555
446 554
447 553
448 552
449 551
450 550
451 549
452 548
453 547
454 546
455 545
456 544
457 543
458 542
459 541
460 540
461 539
462 538
463 537
464 536
465 535
466 534
467 533
468 532
469 531
470 530
471 529
472 528
473 527
474 526
475 525
476 524
477 523
478 522
479 521
480 520
481 519
482 518
483 517
484 516
485 515
486 514
487 513
488 512
489 511
490 510
491 509
492 508
493 507
494 506
495 505
496 504
497 503
498 502
499 501
500 500
499 501
498 502
497 503
496 504
495 505
494 506
493 507
492 508
491 509
490 510
489 511
488 512
487 513
486 514
485 515
484 516
483 517
482 518
481 519
480 520
479 521
478 522
477 523
476 524
475 525
474 526
473 527
472 528
471 529
470 530
469 531
468 532
467 533
466 534
465 535
464 536
463 537
462 538
461 539
460 540
459 541
458 542
457 543
456 544
455 545
454 546
453 547
452 548
451 549
450 550
449 551
448 552
447 553
446 554
445 555
444 556
443 557
442 558
441 559
440 560
439 561
438 562
437 563
436 564
435 565
434 566
433 567
432 568
431 569
430 570
429 571
428 572
427 573
426 574
425 575
424 576
423 577
422 578
421 579
420 580
419 581
418 582
417 583
416 584
415 585
414 586
413 587
412 588
411 589
410 590
409 591
408 592
407 593
406 594
405 595
404 596
403 597
402 598
401 599
400 600
399 601
398 602
397 603
396 604
395 605
394 606
393 607
392 608
391 609
390 610
389 611
388 612
387 613
386 614
385 615
384 616
383 617
382 618
381 619
380 620
379 621
378 622
377 623
376 624
375 625
374 626
373 627
372 628
371 629
370 630
369 631
368 632
367 633
366 634
365 635
364 636
363 637
362 638
361 639
360 640
359 641
358 642
357 643
356 644
355 645
354 646
353 647
352 648
351 649
350 650
349 651
348 652
347 653
346 654
345 655
344 656
343 657
342 658
341 659
340 660
339 661
338 662
337 663
336 664
335 665
334 666
333 667
332 668
331 669
330 670
329 671
328 672
327 673
326 674
325 675
324 676
323 677
322 678
321 679
320 680
319 681
318 682
317 683
316 684
315 685
314 686
313 687
312 688
311 689
310 690
309 691
308 692
307 693
306 694
305 695
304 696
303 697
302 698
301 699
300 700
299 701
298 702
297 703
296 704
295 705
294 706
293 707
292 708
291 709
290 710
289 711
288 712
287 713
286 714
285 715
284 716
283 717
282 718
281 719
280 720
279 721
278 722
277 723
276 724
275 725
274 726
273 727
272 728
271 729
270 730
269 731
268 732
267 733
266 734
265 735
264 736
263 737
262 738
261 739
260 740
259 741
258 742
257 743
256 744
255 745
254 746
253 747
252 748
251 749
250 750
249 751
248 752
247 753
246 754
245 755
244 756
243 757
242 758
241 759
240 760
239 761
238 762
237 763
236 764
235 765
234 766
233 767
232 768
231 769
230 770
229 771
228 772
227 773
226 774
225 775
224 776
223 777
222 778
221 779
220 780
219 781
218 782
217 783
216 784
215 785
214 786
213 787
212 788
211 789
210 790
209 791
208 792
207 793
206 794
205 795
204 796
203 797
202 798
201 799
200 800
199 801
198 802
197 803
196 804
195 805
194 806
193 807
192 808
191 809
190 810
189 811
188 812
187 813
186 814
185 815
184 816
183 817
182 818
181 819
180 820
179 821
178 822
177 823
176 824
175 825
174 826
173 827
172 828
171 829
170 830
169 831
168 832
167 833
166 834
165 835
164 836
163 837
162 838
161 839
160 840
159 841
158 842
157 843
156 844
155 845
154 846
153 847
152 848
151 849
150 850
149 851
148 852
147 853
146 854
145 855
144 856
143 857
142 858
141 859
140 860
139 861
138 862
137 863
136 864
135 865
134 866
133 867
132 868
131 869
130 870
129 871
128 872
127 873
126 874
125 875
124 876
123 877
122 878
121 879
120 880
119 881
118 882
117 883
116 884
115 885
114 886
113 887
112 888
111 889
110 890
109 891
108 892
107 893
106 894
105 895
104 896
103 897
102 898
101 899
100 900
99 901
98 902
97 903
96 904
95 905
94 906
93 907
92 908
91 909
90 910
89 911
88 912
87 913
86 914
85 915
84 916
83 917
82 918
81 919
80 920
79 921
78 922
77 923
76 924
75 925
74 926
73 927
72 928
71 929
70 930
69 931
68 932
67 933
66 934
65 935
64 936
63 937
62 938
61 939
60 940
59 941
58 942
57 943
56 944
55 945
54 946
53 947
52 948
51 949
50 950
49 951
48 952
47 953
46 954
45 955
44 956
43 957
42 958
41 959
40 960
39 961
38 962
37 963
36 964
35 965
34 966
33 967
32 968
31 969
30 970
29 971
28 972
27 973
26 974
25 975
24 976
23 977
22 978
21 979
20 980
19 981
18 982
17 983
16 984
15 985
14 986
13 987
12 988
11 989
10 990
9 991
8 992
7 993
6 994
5 995
4 996
3 997
2 998
1 999
